100670090
070041000
085000700
000000320
000904000
037000000
003000560
000350070
040086001

124675893
379841256
685293714
418567329
256934187
937128645
793412568
861359472
542786931
//2
000560003
003000801
700032050
409000000
000607000
000000309
050210006
208000900
300089000

824561793
562974821
791832654
479328165
135697248
682145379
957213486
218456937
346789512
//3
090000000
607004020
800007004
030050400
072000860
009020030
700400008
050100703
000000090

394215687
617984325
825637914
136859472
572341869
489726531
761493258
958162743
243578196