002080400
079604080
430200000
086070320
700000006
053090810
000009063
090703140
004050700

612987435
579634281
438215679
986571324
741328956
253496817
127849563
895763142
364152798
//2
000006027
002050600
500204309
607090405
040000090
805030701
208709003
009010200
470300000

934186527
712953648
586274319
627891435
143567892
895432761
268749153
359618274
471325986
//3
800306021
000020070
001708506
100000047
008504900
230000005
403207100
010050000
570809004

857396421
649125873
321748596
195682347
768534912
234971685
483267159
912453768
576819234