000095700
002070000
000000124
700000080
009804200
030000005
851000000
000020600
007130000

184295736
362471859
975683124
746352981
519864273
238917465
851746392
493528617
627139548
//2
000030400
465000000
003870000
100000030
004601700
080000009
000095300
000000518
002040000

871536492
465912873
923874651
157489236
394621785
286357149
618795324
749263518
532148967
//3
000700006
000004008
001050079
000060090
057000140
080020000
970010300
100600000
200008000

594781236
763294518
821356479
312465897
657839142
489127653
976512384
148673925
235948761